[gd_scene load_steps=21 format=2]

[ext_resource path="res://Assets/Models/Modelplanet_02_obsidian.tscn" type="PackedScene" id=1]
[ext_resource path="res://Objects/Planet.gd" type="Script" id=2]
[ext_resource path="res://Objects/NoteCapsule.tscn" type="PackedScene" id=3]
[ext_resource path="res://Objects/Amber.tscn" type="PackedScene" id=4]
[ext_resource path="res://Objects/Gear.tscn" type="PackedScene" id=5]
[ext_resource path="res://Assets/Models/ModelAlienRuinsPodest.tscn" type="PackedScene" id=6]
[ext_resource path="res://Assets/Models/ModelAlienRuinsBP.tscn" type="PackedScene" id=7]
[ext_resource path="res://Assets/GLTF/AlienRuinsV.gltf" type="PackedScene" id=8]
[ext_resource path="res://Assets/Models/ModelAlienRuinsCircle.tscn" type="PackedScene" id=9]
[ext_resource path="res://Assets/Models/ModelAlienRuinsV.tscn" type="PackedScene" id=10]
[ext_resource path="res://Assets/Models/Meshes/StygeaShroom1.tres" type="ArrayMesh" id=11]
[ext_resource path="res://Assets/Models/ModelShroomPlantState00.tscn" type="PackedScene" id=12]
[ext_resource path="res://Assets/Models/Meshes/StygeaShroom2.tres" type="ArrayMesh" id=13]
[ext_resource path="res://Assets/Models/ModelShroomPlantState01.tscn" type="PackedScene" id=14]
[ext_resource path="res://Assets/Models/ModelShroomPlantState02.tscn" type="PackedScene" id=15]
[ext_resource path="res://Assets/Models/ModelShroomPlantState03.tscn" type="PackedScene" id=16]
[ext_resource path="res://Objects/OuterWilds.tscn" type="PackedScene" id=17]

[sub_resource type="SphereShape" id=12]
radius = 22.8154

[sub_resource type="MultiMesh" id=13]
transform_format = 1
instance_count = 12
mesh = ExtResource( 11 )
transform_array = PoolVector3Array( 0.315232, 0.0172199, 0.450369, -0.0385494, -0.546554, 0.0478798, 0.449047, -0.0590086, -0.31205, -1.04152, -7.92291, 0.342901, -0.115194, -0.056535, 0.534822, 0.476231, 0.243398, 0.128303, -0.249869, 0.48996, -0.00202583, 5.42876, 1.05823, -1.03139, -0.0333852, -0.221737, 0.502213, -0.270692, -0.431077, -0.208324, 0.47761, -0.259818, -0.0829652, -5.1481, -5.15531, -0.548276, -0.22468, -0.462479, 0.195275, 0.091731, -0.24816, -0.482185, 0.493563, -0.164408, 0.178509, -7.21953, 0.486178, 1.82086, 0.297591, -0.436902, -0.151842, -0.207395, -0.287428, 0.420563, -0.413433, -0.170299, -0.320267, -4.70071, -0.985991, -5.33667, 0.313534, -0.0169467, -0.451563, 0.178084, 0.509767, 0.104518, 0.41531, -0.205793, 0.296086, 1.25299, 4.9936, -0.799221, -0.319091, 0.257861, -0.366318, -0.286227, 0.228615, 0.410255, 0.344608, 0.428652, 0.00155966, 4.14089, 2.663, 5.89686, -0.012819, -0.0674927, -0.545693, -0.357154, -0.413992, 0.0595937, -0.418063, 0.355746, -0.0341788, 3.67135, -3.36783, 0.73128, -0.493894, 0.131549, -0.203135, 0.168538, -0.144339, -0.50325, -0.173677, -0.514161, 0.0893041, 3.49751, -2.71371, -6.30618, 0.0903815, -0.104619, 0.53234, -0.528572, 0.104618, 0.110302, -0.12224, -0.529726, -0.0833516, -1.85245, 1.7027, -6.95945, -0.0996897, -0.495324, -0.217292, -0.191357, 0.23896, -0.456925, 0.50591, -0.00721883, -0.215647, -3.12445, 2.03086, 5.96207, -0.236817, -0.396925, 0.298108, 0.141272, 0.262746, 0.462068, -0.475878, 0.275527, -0.0111791, 3.05881, 5.41684, -2.24321 )

[sub_resource type="MultiMesh" id=14]
transform_format = 1
instance_count = 8
mesh = ExtResource( 13 )
transform_array = PoolVector3Array( -0.646981, 0.26468, 0.0368708, -0.228805, -0.498742, -0.434632, -0.138071, -0.413764, 0.547481, 2.95356, -4.20052, -5.80394, -0.33964, -0.529052, -0.307812, -0.510095, 0.0500862, 0.476754, -0.338301, 0.455626, -0.409826, -5.7499, -0.305712, 5.39113, -0.053933, -0.298297, 0.63096, -0.056983, 0.63261, 0.294206, -0.695589, -0.0286951, -0.0730235, -3.05968, 6.74687, 0.828151, 0.356555, -0.160856, -0.580512, 0.5551, -0.174251, 0.389231, -0.23395, -0.658606, 0.0388013, -1.03314, -1.81566, -6.00969, -0.439527, -0.544313, -0.0232222, -0.132681, 0.135883, -0.673744, 0.528405, -0.41864, -0.188492, -5.73379, -1.81511, -0.134904, 0.5381, -0.0298821, 0.446717, 0.3359, 0.488718, -0.371922, -0.296007, 0.500262, 0.390023, -0.668315, 3.86278, 6.31022, -0.115503, 0.518474, 0.455899, -0.361291, -0.439283, 0.408043, 0.588326, -0.167974, 0.340084, 4.20225, -6.10379, -2.07017, 0.658112, -0.0199296, -0.237679, 0.202652, -0.321131, 0.588053, -0.12578, -0.621673, -0.296145, -0.38382, 0.418459, -7.0083 )

[node name="PlanetObsidian" type="Spatial"]
script = ExtResource( 2 )
planet_name = "Stygea"
soil_type = 1
max_plants = 30
is_obsidian = true
gravity_modifier = 0.65

[node name="PlanetHopArea" type="Area" parent="."]
transform = Transform( 1.24458, 0, 0, 0, 1.24458, 0, 0, 0, 1.24458, 0, 0, 0 )
collision_layer = 64
collision_mask = 0
space_override = 3
gravity_point = true
gravity_vec = Vector3( 0, 0, 0 )

[node name="CollisionShape" type="CollisionShape" parent="PlanetHopArea"]
shape = SubResource( 12 )

[node name="Model" parent="." instance=ExtResource( 1 )]
transform = Transform( 2.10392, 0, 0, 0, 2.10392, 0, 0, 0, 2.10392, 0, 0, 0 )

[node name="CollisionShape" parent="Model/Retopo_Sphere/PlanetBody" index="0"]
visible = false

[node name="NoteCapsule" parent="." instance=ExtResource( 3 )]
transform = Transform( 0.24321, 0.907673, 0.34202, -0.965926, 0.258819, 0, -0.0885213, -0.330366, 0.939693, -1.95186, -0.282551, 3.92997 )

[node name="SpotLight" type="SpotLight" parent="."]
transform = Transform( 0.330366, -0.941455, 0.0672321, 0.0885213, 0.101823, 0.990856, -0.939693, -0.321394, 0.116978, -0.155609, 5.69277, 4.04336 )
light_color = Color( 0.270588, 0.854902, 0.988235, 1 )
light_energy = 3.0
spot_range = 12.0
spot_angle = 18.0378

[node name="Amber" parent="." instance=ExtResource( 4 )]
transform = Transform( 1, 0, 0, 0, 0.5, 0.866025, 0, -0.866025, 0.5, -0.145395, 3.3196, -3.74607 )
seed_name = "Cosmosun"

[node name="Gear" parent="." instance=ExtResource( 5 )]
transform = Transform( 0.733789, -0.679377, 0, 0.679377, 0.733789, 0, 0, 0, 1, 3.23545, -6.05304, -4.5959 )

[node name="Alien" type="Spatial" parent="."]

[node name="ModelAlienRuinsPodest" parent="Alien" instance=ExtResource( 6 )]
transform = Transform( 0.42641, 0.190659, 0.0309012, 0.133443, -0.344952, 0.286937, 0.139638, -0.252565, -0.36857, 2.86973, -5.3765, -4.09071 )

[node name="ModelAlienRuinsBP" parent="Alien" instance=ExtResource( 7 )]
transform = Transform( 0.424911, 0.123536, -0.111457, 0.161374, -0.380432, 0.193552, -0.0405226, -0.219643, -0.397929, 1.44555, -6.19512, -4.08903 )

[node name="ModelAlienRuinsBP2" parent="Alien" instance=ExtResource( 7 )]
transform = Transform( -0.386929, 0.212705, -0.115219, -0.0865645, -0.324698, -0.308724, -0.225888, -0.239917, 0.315669, 4.18506, -5.2326, -3.45959 )

[node name="ModelAlienRuinsBP3" parent="Alien" instance=ExtResource( 7 )]
transform = Transform( 0.134818, 0.218021, 0.377523, -0.180403, -0.331841, 0.256064, 0.396877, -0.224902, -0.0118477, 2.45283, -4.68158, -5.45974 )

[node name="AlienRuinsV" parent="Alien" instance=ExtResource( 8 )]
transform = Transform( -0.275322, -0.17666, -0.221436, -0.259621, 0.28089, 0.0987069, 0.113313, 0.214329, -0.311878, 4.08826, -4.62556, -4.77776 )

[node name="AlienRuinsV4" parent="Alien" instance=ExtResource( 8 )]
transform = Transform( -0.314243, -0.232029, 0.0588095, -0.0489463, 0.157291, 0.359039, -0.234308, 0.278329, -0.153875, 4.36417, -2.67566, -6.07091 )

[node name="AlienRuinsV6" parent="Alien" instance=ExtResource( 8 )]
transform = Transform( -0.35085, -0.150698, -0.101189, -0.124539, 0.0396376, 0.372778, -0.132057, 0.362993, -0.0827154, 4.70795, -0.277893, -6.60329 )

[node name="AlienRuinsV8" parent="Alien" instance=ExtResource( 8 )]
transform = Transform( -0.266798, -0.266219, -0.118284, -0.0123773, -0.149891, 0.365273, -0.29105, 0.25041, 0.0928945, 4.25181, 1.66099, -6.2269 )

[node name="AlienRuinsV7" parent="Alien" instance=ExtResource( 8 )]
transform = Transform( -0.36132, -0.151011, 0.0518523, 0.0303491, 0.0609913, 0.389107, -0.156754, 0.35989, -0.0441853, 2.10293, -0.7397, -7.36346 )

[node name="AlienRuinsV9" parent="Alien" instance=ExtResource( 8 )]
transform = Transform( -0.357484, -0.155972, -0.0626307, -0.029711, -0.0862392, 0.38435, -0.16543, 0.352534, 0.0663125, 2.11515, 1.17165, -7.47757 )

[node name="AlienRuinsV5" parent="Alien" instance=ExtResource( 8 )]
transform = Transform( -0.387417, -0.0759398, -0.0136354, -0.0395222, 0.135373, 0.368995, -0.066263, 0.363252, -0.140363, 2.07079, -2.7766, -6.8464 )

[node name="AlienRuinsV2" parent="Alien" instance=ExtResource( 8 )]
transform = Transform( 0.295687, -0.17666, -0.193404, -0.0136341, 0.28089, -0.277417, 0.261588, 0.214329, 0.204156, 1.74783, -5.6295, -5.27962 )

[node name="AlienRuinsV3" parent="Alien" instance=ExtResource( 8 )]
transform = Transform( 0.0303639, -0.17666, 0.352014, 0.25081, 0.28089, 0.119332, -0.303672, 0.214329, 0.133757, 2.98396, -6.6243, -3.19955 )

[node name="ModelAlienRuinsCircle" parent="Alien" instance=ExtResource( 9 )]
transform = Transform( -0.960462, 0.277643, 0.0206731, 0.275662, 0.93794, 0.210426, 0.0390331, 0.207804, -0.977391, 6.89438, -1.15751, 1.40863 )

[node name="ModelAlienRuinsCircle2" parent="Alien" instance=ExtResource( 9 )]
transform = Transform( -0.357976, 0.134255, -0.924028, -0.658028, 0.66583, 0.351666, 0.662459, 0.733925, -0.150008, 4.90248, 4.8088, -2.76914 )

[node name="ModelAlienRuinsCircle3" parent="Alien" instance=ExtResource( 9 )]
transform = Transform( 0.135448, -0.368817, -0.91958, -0.989574, -0.0962239, -0.107165, -0.0489613, 0.924508, -0.378005, 0.398018, 6.69788, 3.05268 )

[node name="ModelAlienRuinsBP4" parent="Alien" instance=ExtResource( 7 )]
transform = Transform( -0.176158, -0.122658, -0.65134, 0.246036, 0.613695, -0.182111, 0.61543, -0.280452, -0.113632, -1.47739, 3.92052, 5.55413 )

[node name="ModelAlienRuinsBP5" parent="Alien" instance=ExtResource( 7 )]
transform = Transform( 0.513668, -0.429899, -0.171871, 0.407683, 0.541659, -0.136409, 0.219424, 2.06091e-08, 0.65579, 1.49804, 4.81507, 4.52067 )

[node name="ModelAlienRuinsV" parent="Alien" instance=ExtResource( 10 )]
transform = Transform( 0.202026, 0.242543, 0.580899, -9.21197e-08, -0.610081, 0.254727, 0.629501, -0.0778394, -0.186428, 0.0330963, 4.83794, 5.81317 )

[node name="ModelAlienRuinsCircle4" parent="Alien" instance=ExtResource( 9 )]
transform = Transform( 0.363426, 0.897588, 0.0408904, -0.896502, 0.35928, 0.08135, 0.0601791, -0.0683251, 0.964948, -2.10124, 6.07283, -3.20571 )

[node name="ModelAlienRuinsBP6" parent="Alien" instance=ExtResource( 7 )]
transform = Transform( 0.482385, 0.419854, 0.202646, -0.443909, 0.324569, 0.384237, 0.142433, -0.410385, 0.511209, 3.48106, 2.60272, -5.97034 )

[node name="ModelAlienRuinsBP7" parent="Alien" instance=ExtResource( 7 )]
transform = Transform( 0.00532177, 0.0878847, 0.665046, -0.598769, 0.30049, -0.0349179, -0.302465, -0.593313, 0.0808256, 1.93694, 1.94348, -6.95703 )

[node name="ModelAlienRuinsCircle5" parent="Alien" instance=ExtResource( 9 )]
transform = Transform( 0.668852, -0.506606, 0.544047, 0.688401, 0.698333, -0.196047, -0.280607, 0.50565, 0.815829, 3.05892, 5.41621, -4.1487 )

[node name="ModelAlienRuinsCircle6" parent="Alien" instance=ExtResource( 9 )]
transform = Transform( 0.451251, -0.442511, -0.774956, 0, 0.868398, -0.495868, 0.892397, 0.223761, 0.391866, -1.97048, 2.85219, -6.15116 )

[node name="ModelAlienRuinsBP8" parent="Alien" instance=ExtResource( 7 )]
transform = Transform( -0.137067, 0.151053, -0.565907, -0.416597, -0.433683, -0.014857, -0.411721, 0.388532, 0.20343, 3.71055, 1.86048, 5.72435 )

[node name="ModelAlienRuinsBP9" parent="Alien" instance=ExtResource( 7 )]
transform = Transform( -0.322676, 0.34918, -0.368521, 0.0255298, -0.424947, -0.424998, -0.507034, -0.243615, 0.213128, 1.22444, 0.452199, 6.98941 )

[node name="ModelAlienRuinsBP10" parent="Alien" instance=ExtResource( 7 )]
transform = Transform( 0.0573979, 0.252529, -0.542945, 0.390411, -0.429345, -0.15842, -0.454026, -0.337263, -0.204862, -0.888234, -2.64424, 6.51045 )

[node name="ModelAlienRuinsCircle7" parent="Alien" instance=ExtResource( 9 )]
transform = Transform( -0.0807552, -0.957317, 0.277528, 0.413169, 0.221238, 0.883371, -0.907067, 0.186003, 0.377668, -5.50306, -0.571693, -5.35675 )

[node name="ModelAlienRuinsPodest2" parent="Alien" instance=ExtResource( 6 )]
transform = Transform( 0.431297, -0.10581, -0.00757158, -0.0520091, -0.183287, -0.401212, 0.0924559, 0.390488, -0.190373, -2.11871, -4.55692, 2.33726 )

[node name="HoloLines" parent="Alien/ModelAlienRuinsPodest2" index="1"]
visible = false

[node name="Gear2" parent="." instance=ExtResource( 5 )]
transform = Transform( 2.11373, -0.519857, 0.165048, 0.499333, 2.11015, 0.251569, -0.219452, -0.205837, 2.16214, -2.34261, -3.19042, 3.63691 )

[node name="MultiMesh" type="Spatial" parent="."]

[node name="MultiMeshInstance" type="MultiMeshInstance" parent="MultiMesh"]
multimesh = SubResource( 13 )

[node name="ModelShroomPlantState00" parent="MultiMesh" instance=ExtResource( 12 )]

[node name="ModelShroomPlantState01" parent="MultiMesh" instance=ExtResource( 14 )]

[node name="MultiMeshInstance2" type="MultiMeshInstance" parent="MultiMesh"]
multimesh = SubResource( 14 )

[node name="Plants" type="Spatial" parent="."]

[node name="ModelShroomPlantState02" parent="Plants" instance=ExtResource( 15 )]
transform = Transform( 0.0996589, 0.38253, 0.601117, -0.644373, 0.307412, -0.0887957, -0.304064, -0.526091, 0.385196, 4.14604, 4.53704, -4.42431 )

[node name="ModelShroomPlantState03" parent="Plants" instance=ExtResource( 15 )]
transform = Transform( -0.332884, 0.218271, -0.59929, -0.345599, 0.506432, 0.376418, 0.536053, 0.462047, -0.129473, 3.58019, 3.2665, 5.78467 )

[node name="ModelShroomPlantState04" parent="Plants" instance=ExtResource( 15 )]
transform = Transform( -0.332884, -0.631793, -0.0873475, -0.345599, 0.261487, -0.574273, 0.536053, -0.223754, -0.424481, -6.60496, 3.32608, -0.501787 )

[node name="ModelShroomPlantState06" parent="Plants" instance=ExtResource( 15 )]
transform = Transform( -0.599831, -0.335066, -0.213394, 0.389441, -0.41975, -0.435602, 0.0783703, -0.47869, 0.531335, -0.364237, -3.71327, -6.48628 )

[node name="ModelShroomPlantState05" parent="Plants" instance=ExtResource( 16 )]
transform = Transform( 0.768384, 0, -0.639989, 0, 1, 0, 0.639989, 0, 0.768384, -0.613591, 7.34571, 0 )

[node name="ModelShroomPlantState07" parent="Plants" instance=ExtResource( 16 )]
transform = Transform( 0.768384, 0.028697, 0.639345, -1.50844e-07, -0.998994, 0.04484, 0.639989, -0.0344544, -0.767611, -0.613591, -7.78147, 1.18944e-07 )

[node name="OuterWilds" parent="." instance=ExtResource( 17 )]
transform = Transform( 0.105812, 0.972917, 0.205515, 0.988849, -0.124731, 0.0813608, 0.104791, 0.194614, -0.975266, 7.07087, -2.53288, 0.00230767 )

[editable path="Model"]
[editable path="Alien/ModelAlienRuinsPodest2"]
[editable path="MultiMesh/ModelShroomPlantState00"]
[editable path="MultiMesh/ModelShroomPlantState01"]
