[gd_scene load_steps=11 format=2]

[ext_resource path="res://Assets/Models/Meshes/MeshPlant_01_ranke_state022.res" type="ArrayMesh" id=1]
[ext_resource path="res://Assets/Models/Meshes/MeshPlant_01_ranke_state021.res" type="ArrayMesh" id=2]
[ext_resource path="res://Assets/Materials/Plants/RankeThorns.tres" type="Material" id=3]
[ext_resource path="res://Assets/Materials/Plants/AntennaMaterial.tres" type="Material" id=4]

[sub_resource type="Skin" id=3]
resource_name = "Skin"
bind_count = 37
bind/0/name = "Bone"
bind/0/bone = -1
bind/0/pose = Transform( 1, 0, -2.38419e-07, -2.84217e-14, 1, -1.19209e-07, 2.38419e-07, 0, 1, -0.0209499, -0.00347408, 0.00420571 )
bind/1/name = "Bone.001"
bind/1/bone = -1
bind/1/pose = Transform( 0.999977, 0.00680004, 8.39833e-08, -0.00680004, 0.999977, -2.14623e-07, -8.54408e-08, 9.48375e-08, 1, -0.0261433, -0.763634, 0.00420564 )
bind/2/name = "Bone.013"
bind/2/bone = -1
bind/2/pose = Transform( 0.999312, 0.0370773, -0.000924332, -0.036995, 0.994701, -0.0959235, -0.00263715, 0.0958916, 0.995388, -0.0563523, -0.992443, -0.0914666 )
bind/3/name = "Bone.014"
bind/3/bone = -1
bind/3/pose = Transform( 0.994368, -0.105903, -0.00402652, 0.105241, 0.982256, 0.155232, -0.0124844, -0.154782, 0.98787, 0.111505, -1.15124, 0.202793 )
bind/4/name = "Bone.016"
bind/4/bone = -1
bind/4/pose = Transform( 0.999813, 0.0191161, 0.00278431, -0.0180283, 0.975107, -0.221002, -0.0069397, 0.22091, 0.975269, -0.0627311, -1.35319, -0.319975 )
bind/5/name = "Bone.017"
bind/5/bone = -1
bind/5/pose = Transform( 0.97233, -0.233607, -0.0015392, 0.231403, 0.962207, 0.143567, -0.0320574, -0.139951, 0.989639, 0.349744, -1.56928, 0.269384 )
bind/6/name = "Bone.019"
bind/6/bone = -1
bind/6/pose = Transform( 0.99172, -0.128414, -0.000932349, 0.127081, 0.980329, 0.151016, -0.0184785, -0.149884, 0.988531, 0.162607, -1.73757, 0.286034 )
bind/7/name = "Bone.020"
bind/7/bone = -1
bind/7/pose = Transform( 0.999057, 0.0427515, 0.0075818, -0.0396258, 0.969154, -0.243252, -0.0177473, 0.242722, 0.969934, -0.158177, -1.81118, -0.448658 )
bind/8/name = "Bone.022"
bind/8/bone = -1
bind/8/pose = Transform( 0.968236, 0.249226, -0.020115, -0.23783, 0.942811, 0.233546, 0.0771705, -0.221344, 0.972138, -0.568062, -1.8521, 0.468635 )
bind/9/name = "Bone.023"
bind/9/bone = -1
bind/9/pose = Transform( 1, -0.000183106, 0.0003974, 0.000181045, 0.999985, 0.00552063, -0.000398375, -0.00552075, 0.999985, -0.0477516, -2.09143, 0.0212431 )
bind/10/name = "Bone.002"
bind/10/bone = -1
bind/10/pose = Transform( -0.514148, -0.22212, 0.828441, 0.718749, 0.415484, 0.55747, -0.468029, 0.882063, -0.0539721, 0.00521886, -0.00161564, -0.0145049 )
bind/11/name = "Bone.003"
bind/11/bone = -1
bind/11/pose = Transform( 0.168919, 0.0234303, 0.985352, 0.966819, 0.190447, -0.17027, -0.191646, 0.981418, 0.00951707, -0.647891, -0.651559, -0.278766 )
bind/12/name = "Bone.004"
bind/12/bone = -1
bind/12/pose = Transform( 0.205504, 0.0210763, 0.978429, 0.93095, -0.312551, -0.188799, 0.30183, 0.949667, -0.0838514, -0.693189, -1.01002, -0.889773 )
bind/13/name = "Bone.005"
bind/13/bone = -1
bind/13/pose = Transform( 0.909485, -0.123465, 0.396982, 0.40217, 0.0193236, -0.915361, 0.105344, 0.992161, 0.0672281, -1.73051, -0.446292, -0.597512 )
bind/14/name = "Bone.006"
bind/14/bone = -1
bind/14/pose = Transform( 0.989578, -0.0114657, 0.143541, 0.13685, 0.385052, -0.912692, -0.0448059, 0.922824, 0.382608, -1.93763, -0.440703, -0.268196 )
bind/15/name = "Bone.007"
bind/15/bone = -1
bind/15/pose = Transform( 0.776163, -0.172758, 0.606404, 0.623176, 0.356657, -0.696022, -0.0960346, 0.918123, 0.384483, 0.0073621, -0.00630851, -0.012093 )
bind/16/name = "Bone.008"
bind/16/bone = -1
bind/16/pose = Transform( 0.709255, 0.363406, 0.604065, 0.499009, 0.346452, -0.794331, -0.497944, 0.864816, 0.0643796, -0.126618, -0.82955, 0.0250411 )
bind/17/name = "Bone.009"
bind/17/bone = -1
bind/17/pose = Transform( 0.60367, 0.296454, 0.740066, 0.638997, 0.37517, -0.671514, -0.476723, 0.878272, 0.0370459, 0.131167, -1.389, -0.0267688 )
bind/18/name = "Bone.010"
bind/18/bone = -1
bind/18/pose = Transform( 0.470589, 0.227471, 0.852528, 0.721153, 0.457572, -0.52016, -0.508414, 0.859584, 0.0512866, 0.455274, -1.69648, 0.0359056 )
bind/19/name = "Bone.011"
bind/19/bone = -1
bind/19/pose = Transform( -0.0618405, -0.153573, 0.9862, 0.771422, 0.619616, 0.14486, -0.633312, 0.769735, 0.0801523, 1.61226, -1.24375, 0.304104 )
bind/20/name = "Bone.012"
bind/20/bone = -1
bind/20/pose = Transform( -0.516401, -0.353226, 0.780103, 0.699771, 0.351034, 0.62217, -0.49361, 0.867183, 0.0659024, 2.09812, -0.352813, 0.013969 )
bind/21/name = "Bone.015"
bind/21/bone = -1
bind/21/pose = Transform( 0.961224, 0.070115, -0.266705, -0.268205, 0.462628, -0.84501, 0.0641374, 0.883775, 0.463495, 0.000682958, -0.0111093, -0.0107868 )
bind/22/name = "Bone.018"
bind/22/bone = -1
bind/22/pose = Transform( 0.95803, 0.0758712, -0.276446, -0.274956, 0.516036, -0.811238, 0.0811067, 0.8532, 0.515239, -0.00974318, -0.885768, 0.0445938 )
bind/23/name = "Bone.021"
bind/23/bone = -1
bind/23/pose = Transform( 0.990316, -0.13877, -0.00420363, 0.108299, 0.791103, -0.60202, 0.0868678, 0.595734, 0.79847, 0.45077, -1.16202, 0.536108 )
bind/24/name = "Bone.024"
bind/24/bone = -1
bind/24/pose = Transform( 0.91069, -0.404606, -0.0832962, 0.408314, 0.912246, 0.0329834, 0.0626413, -0.0640489, 0.995979, 0.578835, -0.723136, 1.45044 )
bind/25/name = "Bone.027"
bind/25/bone = -1
bind/25/pose = Transform( 0.609617, -0.787097, 0.0940557, 0.790367, 0.612621, 0.00394795, -0.0607279, 0.0719316, 0.995559, 1.25757, -0.637378, 1.25135 )
bind/26/name = "Bone.030"
bind/26/bone = -1
bind/26/pose = Transform( 0.344191, -0.929892, 0.129746, 0.938262, 0.345751, -0.0110225, -0.0346102, 0.12553, 0.991486, 1.5399, -0.60372, 1.1637 )
bind/27/name = "Bone.031"
bind/27/bone = -1
bind/27/pose = Transform( -0.959891, 1.19209e-07, -0.280372, -0.222784, 0.607129, 0.762733, 0.170222, 0.794603, -0.582778, -0.0040053, -0.0063272, -0.0135707 )
bind/28/name = "Bone.032"
bind/28/bone = -1
bind/28/pose = Transform( -0.969069, 0.2359, 0.0724936, 0.193399, 0.543452, 0.816858, 0.1533, 0.805612, -0.572266, -0.359499, -0.780112, -0.0294944 )
bind/29/name = "Bone.033"
bind/29/bone = -1
bind/29/pose = Transform( -0.987726, 0.0466832, -0.149055, -0.125172, 0.334234, 0.934141, 0.0934279, 0.941333, -0.324288, 0.0634745, -1.3908, -0.441816 )
bind/30/name = "Bone.034"
bind/30/bone = -1
bind/30/pose = Transform( -0.968484, -0.011039, -0.248833, -0.246751, -0.0937163, 0.964537, -0.0339672, 0.995538, 0.0880387, 0.304475, -1.6289, -1.2441 )
bind/31/name = "Bone.035"
bind/31/bone = -1
bind/31/pose = Transform( -0.973382, -0.0096471, -0.228986, -0.205778, -0.403117, 0.891713, -0.100911, 0.915098, 0.390402, 0.258985, -1.55106, -1.82841 )
bind/32/name = "Bone.036"
bind/32/bone = -1
bind/32/pose = Transform( -0.150164, 6.70552e-08, -0.988661, -0.836187, 0.533535, 0.127005, 0.527486, 0.845778, -0.0801178, -0.00460014, -0.00973059, -0.0111532 )
bind/33/name = "Bone.037"
bind/33/bone = -1
bind/33/pose = Transform( -0.350922, 0.109628, -0.929965, -0.813799, 0.455586, 0.360794, 0.463232, 0.883415, -0.0706605, -0.179197, -0.723329, -0.0672402 )
bind/34/name = "Bone.038"
bind/34/bone = -1
bind/34/pose = Transform( -0.133453, -0.00696976, -0.991031, -0.930345, 0.345491, 0.122852, 0.341536, 0.938396, -0.0525913, 0.159294, -1.30156, -0.244763 )
bind/35/name = "Bone.039"
bind/35/bone = -1
bind/35/pose = Transform( 0.355886, -0.115544, -0.927359, -0.910967, 0.17853, -0.37184, 0.208526, 0.977126, -0.0417202, 0.965281, -1.39013, -0.481591 )
bind/36/name = "Bone.040"
bind/36/bone = -1
bind/36/pose = Transform( 0.620791, 0.0147479, -0.783837, -0.783288, -0.0301912, -0.620925, -0.0328221, 0.999435, -0.00719064, 1.27305, -1.16838, -0.929252 )

[sub_resource type="Animation" id=4]
resource_name = "ArmatureAction"
length = 5.0
loop = true
tracks/0/type = "transform"
tracks/0/path = NodePath("Armature/Skeleton:Bone.023")
tracks/0/interp = 1
tracks/0/loop_wrap = true
tracks/0/imported = false
tracks/0/enabled = true
tracks/0/keys = PoolRealArray( 0, 1, 8.19564e-08, -1.19209e-07, -4.47035e-08, -0.0116289, -5.36611e-05, 0.0208276, 0.999715, 1, 1, 1, 0.133333, 1, -9.31323e-09, -3.72529e-08, -5.21541e-08, -0.0115494, -6.06233e-05, 0.020632, 0.999721, 1, 1, 1, 0.2, 1, 1.11759e-08, 1.19209e-07, -2.23517e-08, -0.0114123, -7.26332e-05, 0.0202944, 0.999729, 1, 1, 1, 0.266667, 1, 5.21541e-08, 9.68575e-08, -4.65661e-08, -0.0112123, -9.01479e-05, 0.0198023, 0.999741, 1, 1, 1, 0.333333, 1, 1.2666e-07, 7.45058e-08, -2.23517e-08, -0.0109535, -0.000112817, 0.0191653, 0.999756, 1, 1, 1, 0.466667, 1, 9.49949e-08, -1.49012e-08, 1.30385e-08, -0.0102749, -0.000172246, 0.0174951, 0.999794, 1, 1, 1, 2.53333, 1, 1.06171e-07, 7.45058e-09, -2.6077e-08, 0.00493502, -0.00150351, -0.0199343, 0.999788, 1, 1, 1, 2.6, 1, 9.12696e-08, -7.45058e-09, 1.08033e-07, 0.00486637, -0.0014975, -0.0197654, 0.999792, 1, 1, 1, 2.66667, 1, 5.40167e-08, 2.38419e-07, 0, 0.00473267, -0.00148582, -0.0194365, 0.999799, 1, 1, 1, 2.73333, 1, 1.15484e-07, -8.9407e-08, -7.63685e-08, 0.00453774, -0.00146877, -0.0189568, 0.999809, 1, 1, 1, 2.8, 1, 4.47035e-08, 6.70552e-08, 7.82311e-08, 0.00428529, -0.00144667, -0.0183356, 0.999822, 1, 1, 1, 2.86667, 1, 1.2666e-07, -3.05474e-07, -1.09896e-07, 0.00397907, -0.0014199, -0.0175822, 0.999837, 1, 1, 1, 5, 1, 8.19564e-08, -1.19209e-07, -4.47035e-08, -0.0116289, -5.36611e-05, 0.0208276, 0.999715, 1, 1, 1 )
tracks/1/type = "transform"
tracks/1/path = NodePath("Armature/Skeleton:Bone.022")
tracks/1/interp = 1
tracks/1/loop_wrap = true
tracks/1/imported = false
tracks/1/enabled = true
tracks/1/keys = PoolRealArray( 0, 1, 8.56817e-08, -2.98023e-08, -1.22935e-07, -0.0117279, 0.00747366, 0.019381, 0.999715, 1, 1, 1, 0.133333, 1, 9.31323e-08, 1.19209e-07, -4.84288e-08, -0.0116484, 0.00740351, 0.0191983, 0.999721, 1, 1, 1, 0.2, 1, 6.14673e-08, 1.71363e-07, 4.47035e-08, -0.0115112, 0.00728241, 0.0188829, 0.999729, 1, 1, 1, 0.266667, 1, -8.00937e-08, -8.9407e-08, -3.72529e-09, -0.0113113, 0.0071059, 0.0184232, 0.999741, 1, 1, 1, 0.4, 1, -9.31323e-08, 6.70552e-08, -4.47035e-08, -0.0107386, 0.00660041, 0.0171069, 0.999774, 1, 1, 1, 0.466667, 1, 3.72529e-09, -8.19564e-08, -2.23517e-08, -0.0103737, 0.00627834, 0.0162681, 0.999794, 1, 1, 1, 2.53333, 1, -2.98023e-08, 5.21541e-08, 5.96046e-08, 0.00483932, -0.0071471, -0.0186947, 0.999788, 1, 1, 1, 2.6, 1, -2.6077e-08, 1.49012e-08, 1.04308e-07, 0.00477061, -0.00708652, -0.0185369, 0.999792, 1, 1, 1, 2.66667, 1, 1.11759e-08, 1.41561e-07, -3.72529e-09, 0.00463692, -0.00696854, -0.0182297, 0.999799, 1, 1, 1, 2.73333, 1, 2.04891e-08, -3.05474e-07, 1.11759e-07, 0.00444187, -0.00679648, -0.0177816, 0.999809, 1, 1, 1, 2.86667, 1, -7.45058e-09, -8.9407e-08, 9.31323e-08, 0.00388315, -0.00630345, -0.0164976, 0.999837, 1, 1, 1, 5, 1, 8.56817e-08, -2.98023e-08, -1.22935e-07, -0.0117279, 0.00747366, 0.019381, 0.999715, 1, 1, 1 )
tracks/2/type = "transform"
tracks/2/path = NodePath("Armature/Skeleton:Bone.020")
tracks/2/interp = 1
tracks/2/loop_wrap = true
tracks/2/imported = false
tracks/2/enabled = true
tracks/2/keys = PoolRealArray( 0, 1, 9.12696e-08, 1.3411e-07, 1.3411e-07, -0.0114754, -0.0047653, 0.0203624, 0.999715, 1, 1, 1, 0.133333, 1, -3.1665e-08, 1.11759e-07, 4.84288e-08, -0.0113977, -0.0047266, 0.0201699, 0.999721, 1, 1, 1, 0.2, 1, 2.04891e-08, -4.47035e-08, 4.47035e-08, -0.0112636, -0.00465977, 0.0198375, 0.999729, 1, 1, 1, 0.266667, 1, 2.23517e-08, -1.49012e-08, 3.72529e-09, -0.011068, -0.00456236, 0.019353, 0.999741, 1, 1, 1, 0.4, 1, 2.6077e-08, -1.04308e-07, 3.35276e-08, -0.0105079, -0.00428342, 0.0179656, 0.999774, 1, 1, 1, 0.466667, 1, 1.11759e-08, 8.19564e-08, 1.11759e-07, -0.010151, -0.00410571, 0.0170816, 0.999794, 1, 1, 1, 2.53333, 1, -3.72529e-08, -1.19209e-07, -3.35276e-08, 0.00472723, 0.00330333, -0.019767, 0.999788, 1, 1, 1, 2.6, 1, 5.58794e-08, 2.23517e-08, 1.52737e-07, 0.00466009, 0.0032699, -0.0196007, 0.999792, 1, 1, 1, 2.66667, 1, 9.31323e-09, 9.68575e-08, 1.22935e-07, 0.0045293, 0.00320479, -0.0192769, 0.999799, 1, 1, 1, 2.73333, 1, 7.45058e-08, 3.20375e-07, 5.96046e-08, 0.00433864, 0.00310983, -0.0188047, 0.999809, 1, 1, 1, 2.8, 1, 1.2666e-07, 1.11759e-07, 1.3411e-07, 0.00409172, 0.00298687, -0.0181931, 0.999822, 1, 1, 1, 2.86667, 1, 3.91155e-08, 1.2666e-07, 3.35276e-08, 0.00379214, 0.00283772, -0.0174514, 0.999837, 1, 1, 1, 5, 1, 9.12696e-08, 1.3411e-07, 1.3411e-07, -0.0114754, -0.0047653, 0.0203624, 0.999715, 1, 1, 1 )
tracks/3/type = "transform"
tracks/3/path = NodePath("Armature/Skeleton:Bone.019")
tracks/3/interp = 1
tracks/3/loop_wrap = true
tracks/3/imported = false
tracks/3/enabled = true
tracks/3/keys = PoolRealArray( 0, 1, -1.67638e-08, -8.9407e-08, 8.78936e-09, -0.0115389, 0.00150241, 0.0208235, 0.999715, 1, 1, 1, 0.133333, 1, -2.70084e-08, -7.45058e-08, 4.51691e-08, -0.0114591, 0.00147721, 0.0206296, 0.999721, 1, 1, 1, 0.2, 1, -2.42144e-08, -8.9407e-08, 4.06289e-08, -0.0113213, 0.0014337, 0.0202949, 0.999729, 1, 1, 1, 0.266667, 1, -2.04891e-08, 0, 3.77768e-08, -0.0111204, 0.00137026, 0.0198069, 0.999741, 1, 1, 1, 0.4, 1, 4.65661e-09, 3.12924e-07, 1.80444e-08, -0.0105453, 0.00118863, 0.0184095, 0.999774, 1, 1, 1, 0.466667, 1, -1.86265e-09, 7.45058e-08, 2.92785e-08, -0.0101788, 0.00107291, 0.0175192, 0.999794, 1, 1, 1, 2.53333, 1, -2.42144e-08, -2.08616e-07, 3.21306e-08, 0.0050994, -0.0037501, -0.019594, 0.999788, 1, 1, 1, 2.6, 1, -9.77889e-08, -8.9407e-08, 1.07102e-08, 0.00503044, -0.00372834, -0.0194265, 0.999792, 1, 1, 1, 2.66667, 1, 1.14553e-07, -5.96046e-08, -2.00816e-08, 0.00489616, -0.00368598, -0.0191004, 0.999799, 1, 1, 1, 2.73333, 1, -6.14673e-08, 5.96046e-08, 1.47847e-08, 0.00470033, -0.00362417, -0.0186247, 0.999809, 1, 1, 1, 2.8, 1, 9.03383e-08, 8.9407e-08, 3.0268e-08, 0.00444674, -0.00354414, -0.0180088, 0.999822, 1, 1, 1, 2.86667, 1, 1.76951e-08, -2.23517e-07, 4.65661e-09, 0.00413917, -0.00344708, -0.0172618, 0.999837, 1, 1, 1, 5, 1, -1.67638e-08, -8.9407e-08, 8.78936e-09, -0.0115389, 0.00150241, 0.0208235, 0.999715, 1, 1, 1 )
tracks/4/type = "transform"
tracks/4/path = NodePath("Armature/Skeleton:Bone.017")
tracks/4/interp = 1
tracks/4/loop_wrap = true
tracks/4/imported = false
tracks/4/enabled = true
tracks/4/keys = PoolRealArray( 0, 1, -1.86265e-08, 1.19209e-07, -1.49012e-08, -0.0113084, 0.000136325, 0.021003, 0.999715, 1, 1, 1, 0.133333, 1, -4.09782e-08, -1.49012e-07, 7.45058e-09, -0.0112294, 0.000120972, 0.0208077, 0.99972, 1, 1, 1, 0.2, 1, 3.72529e-09, -5.96046e-08, 7.45058e-09, -0.011093, 9.44848e-05, 0.0204706, 0.999729, 1, 1, 1, 0.266667, 1, -6.70552e-08, 4.47035e-08, 2.23517e-08, -0.0108942, 5.58719e-05, 0.0199792, 0.999741, 1, 1, 1, 0.4, 1, -4.47035e-08, 1.04308e-07, -1.04308e-07, -0.0103248, -5.4712e-05, 0.0185721, 0.999774, 1, 1, 1, 2.53333, 1, -3.35276e-08, 1.93715e-07, -7.45058e-08, 0.00516229, -0.00306068, -0.019697, 0.999788, 1, 1, 1, 2.6, 1, 1.49012e-08, -1.93715e-07, 0, 0.00509403, -0.00304744, -0.0195284, 0.999792, 1, 1, 1, 2.66667, 1, 2.98023e-08, -1.49012e-07, 8.9407e-08, 0.00496111, -0.00302165, -0.0192, 0.999799, 1, 1, 1, 2.73333, 1, -3.72529e-09, -5.96046e-08, 5.21541e-08, 0.00476732, -0.00298403, -0.018721, 0.999809, 1, 1, 1, 2.8, 1, 0, -8.9407e-08, -4.47035e-08, 0.00451621, -0.00293535, -0.0181008, 0.999822, 1, 1, 1, 2.86667, 1, 3.35276e-08, 1.49012e-08, -2.23517e-08, 0.00421175, -0.00287628, -0.0173485, 0.999837, 1, 1, 1, 5, 1, -1.86265e-08, 1.19209e-07, -1.49012e-08, -0.0113084, 0.000136325, 0.021003, 0.999715, 1, 1, 1 )
tracks/5/type = "transform"
tracks/5/path = NodePath("Armature/Skeleton:Bone.016")
tracks/5/interp = 1
tracks/5/loop_wrap = true
tracks/5/imported = false
tracks/5/enabled = true
tracks/5/keys = PoolRealArray( 0, 1, 3.72529e-09, 1.04308e-07, 5.96046e-08, -0.0115802, -0.00455433, 0.0203513, 0.999715, 1, 1, 1, 0.133333, 1, 2.04891e-08, 2.5332e-07, 5.21541e-08, -0.0115013, -0.0045183, 0.0201588, 0.999721, 1, 1, 1, 0.2, 1, -1.11759e-08, -1.49012e-07, -4.47035e-08, -0.0113652, -0.00445608, 0.0198263, 0.999729, 1, 1, 1, 0.266667, 1, -5.58794e-09, 0, -2.23517e-08, -0.0111668, -0.00436539, 0.0193417, 0.999741, 1, 1, 1, 0.4, 1, -5.58794e-09, -8.9407e-08, 7.45058e-09, -0.0105984, -0.00410568, 0.0179539, 0.999774, 1, 1, 1, 2.53333, 1, -1.30385e-08, 1.04308e-07, 5.96046e-08, 0.00485959, 0.00295811, -0.0197895, 0.999788, 1, 1, 1, 2.6, 1, -9.31323e-09, -2.83122e-07, 7.45058e-09, 0.00479148, 0.00292698, -0.0196232, 0.999792, 1, 1, 1, 2.66667, 1, -1.11759e-08, 5.96046e-08, 2.23517e-08, 0.00465875, 0.00286636, -0.0192993, 0.999799, 1, 1, 1, 2.73333, 1, 9.31323e-09, -1.3411e-07, 0, 0.00446527, 0.00277794, -0.0188269, 0.999809, 1, 1, 1, 2.86667, 1, -2.42144e-08, 2.98023e-08, -7.45058e-09, 0.00391086, 0.00252459, -0.0174733, 0.999837, 1, 1, 1, 5, 1, 3.72529e-09, 1.04308e-07, 5.96046e-08, -0.0115802, -0.00455433, 0.0203513, 0.999715, 1, 1, 1 )
tracks/6/type = "transform"
tracks/6/path = NodePath("Armature/Skeleton:Bone.014")
tracks/6/interp = 1
tracks/6/loop_wrap = true
tracks/6/imported = false
tracks/6/enabled = true
tracks/6/keys = PoolRealArray( 0, 1, 7.45058e-09, -1.49012e-08, 7.45058e-09, -0.0116378, 0.00184402, 0.0207408, 0.999715, 1, 1, 1, 0.133333, 1, 1.30385e-08, -1.49012e-08, 1.86265e-08, -0.0115573, 0.00181625, 0.0205475, 0.99972, 1, 1, 1, 0.2, 1, 1.49012e-08, 0, 2.23517e-08, -0.0114184, 0.00176829, 0.0202139, 0.999729, 1, 1, 1, 0.266667, 1, -1.86265e-09, -8.9407e-08, 3.35276e-08, -0.0112158, 0.00169839, 0.0197275, 0.999741, 1, 1, 1, 0.4, 1, -1.11759e-08, -1.04308e-07, 2.23517e-08, -0.0106357, 0.00149821, 0.0183347, 0.999774, 1, 1, 1, 2.53333, 1, 2.79397e-08, -1.49012e-08, 1.86265e-08, 0.00514283, -0.0039448, -0.0195443, 0.999788, 1, 1, 1, 2.6, 1, 2.42144e-08, -1.78814e-07, -1.11759e-08, 0.00507328, -0.00392082, -0.0193774, 0.999792, 1, 1, 1, 2.66667, 1, -1.30385e-08, 0, -7.45058e-09, 0.00493784, -0.00387411, -0.0190523, 0.999799, 1, 1, 1, 2.73333, 1, 7.45058e-09, -1.04308e-07, 2.23517e-08, 0.00474036, -0.003806, -0.0185783, 0.999809, 1, 1, 1, 2.8, 1, 1.86265e-08, -2.98023e-08, 7.45058e-09, 0.00448457, -0.0037178, -0.0179644, 0.999822, 1, 1, 1, 2.86667, 1, -1.30385e-08, -4.47035e-08, 3.72529e-09, 0.00417434, -0.00361083, -0.0172198, 0.999837, 1, 1, 1, 5, 1, 7.45058e-09, -1.49012e-08, 7.45058e-09, -0.0116378, 0.00184402, 0.0207408, 0.999715, 1, 1, 1 )
tracks/7/type = "transform"
tracks/7/path = NodePath("Armature/Skeleton:Bone.013")
tracks/7/interp = 1
tracks/7/loop_wrap = true
tracks/7/imported = false
tracks/7/enabled = true
tracks/7/keys = PoolRealArray( 0, 1, -3.72529e-09, 0, -3.72529e-09, -0.0116546, -0.00173246, 0.020741, 0.999715, 1, 1, 1, 0.133333, 1, 9.31323e-10, 2.98023e-08, -3.72529e-09, -0.0115752, -0.0017225, 0.0205456, 0.999721, 1, 1, 1, 0.2, 1, -9.31323e-10, -4.47035e-08, -5.58794e-09, -0.011438, -0.00170532, 0.0202082, 0.999729, 1, 1, 1, 0.266667, 1, -4.65661e-10, -7.45058e-08, -1.11759e-08, -0.0112381, -0.00168027, 0.0197164, 0.999741, 1, 1, 1, 0.333333, 1, -4.65661e-10, -7.45058e-08, -1.86265e-09, -0.0109794, -0.00164784, 0.0190797, 0.999756, 1, 1, 1, 2.53333, 1, -4.19095e-09, -4.47035e-08, -7.45058e-09, 0.00490602, 0.000342944, -0.0199951, 0.999788, 1, 1, 1, 2.6, 1, -2.32831e-09, -1.93715e-07, -7.45058e-09, 0.00483739, 0.000334342, -0.0198263, 0.999792, 1, 1, 1, 2.66667, 1, 2.32831e-09, -1.04308e-07, -7.45058e-09, 0.00470373, 0.000317589, -0.0194976, 0.999799, 1, 1, 1, 2.73333, 1, 5.58794e-09, 1.49012e-08, 5.58794e-09, 0.00450881, 0.000293159, -0.0190182, 0.999809, 1, 1, 1, 2.8, 1, 9.31323e-10, -4.47035e-08, -1.11759e-08, 0.00425639, 0.000261522, -0.0183975, 0.999822, 1, 1, 1, 2.86667, 1, 9.31323e-10, -1.49012e-08, 7.45058e-09, 0.00395026, 0.000223153, -0.0176445, 0.999837, 1, 1, 1, 5, 1, -3.72529e-09, 0, -3.72529e-09, -0.0116546, -0.00173246, 0.020741, 0.999715, 1, 1, 1 )
tracks/8/type = "transform"
tracks/8/path = NodePath("Armature/Skeleton:Bone.001")
tracks/8/interp = 1
tracks/8/loop_wrap = true
tracks/8/imported = false
tracks/8/enabled = true
tracks/8/keys = PoolRealArray( 0, 1, 4.65661e-10, -5.96046e-08, -1.34108e-10, -3.55271e-15, 5.57123e-29, -1.56816e-14, 1, 1, 1, 1, 0.2, 1, 4.65661e-10, -5.96046e-08, -1.34108e-10, 6.46355e-05, -1.86852e-05, -0.000261086, 1, 1, 1, 1, 0.266667, 1, 4.65661e-10, -5.96046e-08, -1.34108e-10, 0.000124296, -3.59321e-05, -0.000502075, 1, 1, 1, 1, 0.4, 1, 4.65661e-10, -5.96046e-08, -1.34108e-10, 0.000295131, -8.53183e-05, -0.00119214, 0.999999, 1, 1, 1, 2.53333, 1, 4.65661e-10, -5.96046e-08, -1.34108e-10, 0.00493923, -0.00142786, -0.0199513, 0.999788, 1, 1, 1, 2.66667, 1, 4.65661e-10, -5.96046e-08, -1.34108e-10, 0.0048789, -0.00141042, -0.0197076, 0.999793, 1, 1, 1, 2.73333, 1, 4.65661e-10, -5.96046e-08, -1.34108e-10, 0.00482076, -0.00139361, -0.0194728, 0.999798, 1, 1, 1, 2.8, 1, 4.65661e-10, -5.96046e-08, -1.34108e-10, 0.00474548, -0.00137185, -0.0191687, 0.999804, 1, 1, 1, 2.86667, 1, 4.65661e-10, -5.96046e-08, -1.34108e-10, 0.00465417, -0.00134546, -0.0187999, 0.999812, 1, 1, 1, 2.93333, 1, 4.65661e-10, -5.96046e-08, -1.34108e-10, 0.00454796, -0.00131475, -0.0183709, 0.99982, 1, 1, 1, 3, 1, 4.65661e-10, -5.96046e-08, -1.34108e-10, 0.00442798, -0.00128007, -0.0178862, 0.999829, 1, 1, 1, 3.06667, 1, 4.65661e-10, -5.96046e-08, -1.34108e-10, 0.00429535, -0.00124173, -0.0173505, 0.999839, 1, 1, 1, 5, 1, 4.65661e-10, -5.96046e-08, -1.34108e-10, -3.55271e-15, 5.57123e-29, -1.56816e-14, 1, 1, 1, 1 )
tracks/9/type = "transform"
tracks/9/path = NodePath("Armature/Skeleton:Bone.006")
tracks/9/interp = 1
tracks/9/loop_wrap = true
tracks/9/imported = false
tracks/9/enabled = true
tracks/9/keys = PoolRealArray( 0, 1, 1.78814e-07, -2.98023e-08, -1.49012e-08, 1.49012e-08, 1.11022e-16, 7.45058e-09, 1, 1, 1, 1, 0.0666667, 1, 2.5332e-07, -2.98023e-07, 4.47035e-08, 0.000298585, -7.4092e-05, -6.14787e-05, 1, 1, 1, 1, 0.133333, 1, 2.98023e-08, -5.96046e-08, -1.49012e-07, 0.00251098, -0.000641189, -0.000516744, 0.999997, 1, 1, 1, 0.2, 1, 1.71363e-07, -1.78814e-07, -7.45058e-08, 0.00648542, -0.00170999, -0.00133476, 0.999977, 1, 1, 1, 0.4, 1, 8.19564e-08, -5.96046e-08, -2.98023e-08, 0.024279, -0.00724326, -0.00499669, 0.999667, 1, 1, 1, 0.533333, 1, 7.45058e-08, -1.49012e-07, 0, 0.0363323, -0.0121878, -0.00747727, 0.999237, 1, 1, 1, 0.6, 1, -1.78814e-07, -8.9407e-08, -2.98023e-08, 0.0410097, -0.014833, -0.00843991, 0.999013, 1, 1, 1, 0.666667, 1, -1.41561e-07, -2.38419e-07, 1.19209e-07, 0.0441646, -0.0175038, -0.0090892, 0.99883, 1, 1, 1, 0.733333, 1, 3.7998e-07, -1.19209e-07, 0, 0.0453298, -0.0201338, -0.00932901, 0.998726, 1, 1, 1, 0.8, 1, 1.49012e-08, -1.19209e-07, 1.49012e-08, 0.042358, -0.0226792, -0.00831282, 0.99881, 1, 1, 1, 0.866667, 1, 3.57628e-07, -1.49012e-07, -4.47035e-08, 0.0338229, -0.0251413, -0.00539829, 0.999097, 1, 1, 1, 0.933333, 1, 7.45058e-09, 0, 1.49012e-08, 0.0203187, -0.0275173, -0.000789049, 0.999415, 1, 1, 1, 1.06667, 1, 6.70552e-08, -1.49012e-07, 1.49012e-08, -0.019231, -0.031978, 0.0127009, 0.999223, 1, 1, 1, 1.46667, 1, 1.63913e-07, -2.08616e-07, -1.49012e-08, -0.190278, -0.0420105, 0.0709118, 0.978264, 1, 1, 1, 1.73333, 1, 4.32134e-07, 8.9407e-08, 1.49012e-08, -0.289665, -0.0451959, 0.104636, 0.950317, 1, 1, 1, 1.8, 1, 6.70552e-08, -5.96046e-08, -2.98023e-08, -0.306609, -0.0455944, 0.110378, 0.944314, 1, 1, 1, 1.86667, 1, 6.70552e-08, 2.98023e-08, -4.47035e-08, -0.319337, -0.0458629, 0.11469, 0.939557, 1, 1, 1, 1.93333, 1, 5.96046e-08, -8.9407e-08, 5.96046e-08, -0.327358, -0.0460158, 0.117406, 0.936448, 1, 1, 1, 2, 1, 1.71363e-07, -2.98023e-08, -7.45058e-08, -0.330154, -0.0460648, 0.118353, 0.935344, 1, 1, 1, 2.06667, 1, 1.49012e-07, 1.78814e-07, -7.45058e-08, -0.329985, -0.0460664, 0.118357, 0.935403, 1, 1, 1, 2.13333, 1, 1.3411e-07, -2.08616e-07, -7.45058e-08, -0.329478, -0.0460695, 0.118364, 0.935581, 1, 1, 1, 2.2, 1, -1.04308e-07, -3.27826e-07, -2.98023e-08, -0.328628, -0.0460713, 0.118365, 0.93588, 1, 1, 1, 2.26667, 1, 7.45058e-09, 0, -1.3411e-07, -0.327431, -0.0460694, 0.118352, 0.936301, 1, 1, 1, 2.33333, 1, 2.08616e-07, -8.9407e-08, -1.04308e-07, -0.325884, -0.046061, 0.118318, 0.936845, 1, 1, 1, 2.46667, 1, 1.11759e-07, 2.98023e-08, -5.96046e-08, -0.321721, -0.0460137, 0.118153, 0.938306, 1, 1, 1, 2.86667, 1, 1.2666e-07, -5.96046e-08, 1.49012e-08, -0.300301, -0.0454277, 0.116271, 0.945641, 1, 1, 1, 3.26667, 1, 1.49012e-08, 2.98023e-08, 0, -0.264467, -0.0436818, 0.110831, 0.957009, 1, 1, 1, 3.73333, 1, 2.01166e-07, 2.68221e-07, -2.5332e-07, -0.202555, -0.0392771, 0.0973085, 0.973632, 1, 1, 1, 4.2, 1, -4.47035e-08, -1.49012e-07, -4.47035e-08, -0.11746, -0.0312072, 0.0728808, 0.989908, 1, 1, 1, 4.26667, 1, 5.96046e-08, -1.19209e-07, -4.47035e-08, -0.103552, -0.0290959, 0.0672558, 0.991921, 1, 1, 1, 4.4, 1, 1.19209e-07, 0, 8.9407e-08, -0.0757514, -0.0232987, 0.0530205, 0.995444, 1, 1, 1, 4.53333, 1, 1.56462e-07, -1.19209e-07, -7.45058e-08, -0.0496591, -0.0163818, 0.0368602, 0.997951, 1, 1, 1, 4.73333, 1, -5.21541e-08, -1.19209e-07, -4.47035e-08, -0.0180697, -0.00645749, 0.0143544, 0.999713, 1, 1, 1, 4.8, 1, 2.16067e-07, -1.78814e-07, -2.98023e-08, -0.0105121, -0.00383964, 0.00850808, 0.999901, 1, 1, 1, 4.86667, 1, 4.47035e-08, -1.78814e-07, -2.98023e-08, -0.00482769, -0.0017989, 0.0039748, 0.999979, 1, 1, 1, 4.93333, 1, -5.21541e-08, -8.9407e-08, 4.47035e-08, -0.0012463, -0.000472974, 0.00104235, 0.999999, 1, 1, 1, 5, 1, 1.78814e-07, -2.98023e-08, -1.49012e-08, 1.49012e-08, 1.11022e-16, 7.45058e-09, 1, 1, 1, 1 )
tracks/10/type = "transform"
tracks/10/path = NodePath("Armature/Skeleton:Bone.005")
tracks/10/interp = 1
tracks/10/loop_wrap = true
tracks/10/imported = false
tracks/10/enabled = true
tracks/10/keys = PoolRealArray( 0, 1, 0, 8.9407e-08, -3.72529e-08, 2.77556e-16, -7.45058e-09, -1.58325e-08, 1, 1, 1, 1, 0.0666667, 1, -1.19209e-07, 0, 1.49012e-08, -0.000436066, -0.000279766, 8.5854e-05, 1, 1, 1, 1, 0.133333, 1, 2.98023e-08, 0, -1.04308e-07, -0.00369289, -0.00235269, 0.00072224, 0.99999, 1, 1, 1, 0.2, 1, -1.19209e-07, 5.96046e-08, 5.21541e-08, -0.0096144, -0.00607653, 0.00186556, 0.999934, 1, 1, 1, 0.533333, 1, -3.57628e-07, -1.19209e-07, 8.9407e-08, -0.0575275, -0.0340246, 0.010446, 0.997709, 1, 1, 1, 0.6, 1, -8.9407e-08, 5.96046e-08, -7.45058e-09, -0.0664547, -0.0384036, 0.0117904, 0.99698, 1, 1, 1, 0.666667, 1, -1.19209e-07, 8.9407e-08, 6.70552e-08, -0.0737429, -0.0413636, 0.0126991, 0.996338, 1, 1, 1, 0.733333, 1, -1.19209e-07, -1.78814e-07, 2.98023e-08, -0.0787902, -0.0424719, 0.0130394, 0.995901, 1, 1, 1, 0.8, 1, 5.96046e-08, 1.19209e-07, 0, -0.0823512, -0.0424451, 0.0106857, 0.995642, 1, 1, 1, 0.866667, 1, 2.98023e-08, -2.98023e-08, -1.11759e-07, -0.0855931, -0.0422952, 0.00393103, 0.995424, 1, 1, 1, 0.933333, 1, -2.98023e-08, 5.96046e-08, 5.21541e-08, -0.0885268, -0.0420278, -0.00673517, 0.995164, 1, 1, 1, 1.06667, 1, 0, -5.96046e-08, 8.19564e-08, -0.0934905, -0.0411584, -0.0378288, 0.99405, 1, 1, 1, 1.33333, 1, -8.9407e-08, 2.98023e-08, -4.47035e-08, -0.0998842, -0.038234, -0.124478, 0.986441, 1, 1, 1, 1.8, 1, -3.8743e-07, -1.19209e-07, 6.70552e-08, -0.102168, -0.0312726, -0.263054, 0.958846, 1, 1, 1, 1.86667, 1, -3.8743e-07, -1.19209e-07, -1.3411e-07, -0.102068, -0.0303598, -0.273271, 0.956025, 1, 1, 1, 1.93333, 1, -1.19209e-07, -1.78814e-07, 4.47035e-08, -0.101982, -0.0295213, -0.279733, 0.954189, 1, 1, 1, 2, 1, -2.08616e-07, -1.19209e-07, 7.45058e-09, -0.101947, -0.0287729, -0.281994, 0.95355, 1, 1, 1, 2.06667, 1, -2.98023e-08, -5.96046e-08, 7.45058e-09, -0.101783, -0.0281142, -0.281907, 0.953613, 1, 1, 1, 2.13333, 1, -2.38419e-07, -2.98023e-08, -1.49012e-08, -0.101298, -0.0275314, -0.281628, 0.953764, 1, 1, 1, 2.2, 1, -1.78814e-07, -1.49012e-07, -7.45058e-08, -0.100507, -0.0270182, -0.281145, 0.954005, 1, 1, 1, 2.26667, 1, -8.9407e-08, 0, -7.45058e-09, -0.0994278, -0.0265685, -0.280447, 0.954336, 1, 1, 1, 2.33333, 1, -5.96046e-08, 8.9407e-08, -1.04308e-07, -0.0980755, -0.0261763, -0.279522, 0.954758, 1, 1, 1, 2.46667, 1, -2.08616e-07, -5.96046e-08, 4.47035e-08, -0.0946162, -0.0255393, -0.276947, 0.955874, 1, 1, 1, 2.6, 1, -3.57628e-07, -2.98023e-08, 1.19209e-07, -0.0902561, -0.0250582, -0.273323, 0.957351, 1, 1, 1, 2.8, 1, -2.38419e-07, 5.96046e-08, 1.04308e-07, -0.0823029, -0.0245211, -0.265704, 0.960222, 1, 1, 1, 3, 1, 8.9407e-08, 0, -2.23517e-08, -0.0730316, -0.0240571, -0.255162, 0.963836, 1, 1, 1, 3.2, 1, 0, -2.98023e-08, -6.70552e-08, -0.0628694, -0.0234981, -0.241342, 0.968116, 1, 1, 1, 3.4, 1, -3.27826e-07, -1.49012e-07, 5.21541e-08, -0.0522494, -0.0226739, -0.223887, 0.972949, 1, 1, 1, 3.6, 1, -3.57628e-07, -5.96046e-08, -1.04308e-07, -0.0416127, -0.0214127, -0.202438, 0.978176, 1, 1, 1, 3.8, 1, -8.9407e-08, 8.9407e-08, -5.96046e-08, -0.0314112, -0.0195424, -0.176646, 0.983579, 1, 1, 1, 4, 1, -5.96046e-08, -8.9407e-08, -2.98023e-08, -0.0221065, -0.0168919, -0.14619, 0.988865, 1, 1, 1, 4.2, 1, -8.9407e-08, 2.98023e-08, -1.04308e-07, -0.0141683, -0.0132968, -0.110803, 0.993652, 1, 1, 1, 4.53333, 1, -5.96046e-08, -2.98023e-08, -4.47035e-08, -0.0048005, -0.00594991, -0.0475376, 0.99884, 1, 1, 1, 4.73333, 1, -2.98023e-07, -2.38419e-07, 7.45058e-08, -0.00156216, -0.00221797, -0.0174189, 0.999845, 1, 1, 1, 4.8, 1, -1.19209e-07, -2.98023e-08, -2.98023e-08, -0.000877879, -0.00129921, -0.010154, 0.999947, 1, 1, 1, 4.86667, 1, -2.38419e-07, -1.78814e-07, -3.72529e-08, -0.000389927, -0.000600445, -0.00467188, 0.999989, 1, 1, 1, 4.93333, 1, -1.49012e-07, -1.19209e-07, 7.45058e-09, -9.74558e-05, -0.000155927, -0.00120812, 0.999999, 1, 1, 1, 5, 1, 0, 8.9407e-08, -3.72529e-08, 2.77556e-16, -7.45058e-09, -1.58325e-08, 1, 1, 1, 1 )
tracks/11/type = "transform"
tracks/11/path = NodePath("Armature/Skeleton:Bone.004")
tracks/11/interp = 1
tracks/11/loop_wrap = true
tracks/11/imported = false
tracks/11/enabled = true
tracks/11/keys = PoolRealArray( 0, 1, -6.70552e-08, 1.19209e-07, -5.96046e-08, -8.67362e-19, 9.31323e-10, -2.79397e-09, 1, 1, 1, 1, 0.0666667, 1, -1.24797e-07, 1.78814e-07, -1.49012e-07, -0.000489946, 0.00029124, 0.000137395, 1, 1, 1, 1, 0.733333, 1, 4.47035e-08, 5.96046e-08, -2.98023e-08, -0.0102881, 0.00611601, 0.00288506, 0.999924, 1, 1, 1, 0.8, 1, -5.58794e-09, 5.96046e-08, -2.98023e-08, -0.0107589, 0.00671965, 0.00272962, 0.999916, 1, 1, 1, 0.866667, 1, -7.26432e-08, 5.96046e-08, -1.78814e-07, -0.0111957, 0.00724272, 0.00227871, 0.999909, 1, 1, 1, 0.933333, 1, -8.19564e-08, 0, -1.19209e-07, -0.0115995, 0.00769135, 0.00155543, 0.999902, 1, 1, 1, 1, 1, 1.49012e-08, 1.19209e-07, -8.9407e-08, -0.0119718, 0.00807173, 0.000582987, 0.999896, 1, 1, 1, 1.06667, 1, -1.11759e-07, 0, -8.9407e-08, -0.0123138, 0.00838998, -0.000615501, 0.999889, 1, 1, 1, 1.13333, 1, -4.47035e-08, 1.19209e-07, -5.96046e-08, -0.0126267, 0.00865225, -0.00201686, 0.999881, 1, 1, 1, 1.26667, 1, -5.96046e-08, -1.19209e-07, -1.78814e-07, -0.0131705, 0.00903346, -0.00533555, 0.999858, 1, 1, 1, 1.46667, 1, -1.3411e-07, 5.96046e-08, -8.9407e-08, -0.0138005, 0.00933914, -0.0112558, 0.999798, 1, 1, 1, 2.06667, 1, -9.12696e-08, 1.19209e-07, -1.19209e-07, -0.0146756, 0.00989079, -0.029952, 0.999395, 1, 1, 1, 2.2, 1, -4.84288e-08, 1.19209e-07, -8.9407e-08, -0.0147298, 0.0102552, -0.0331065, 0.999291, 1, 1, 1, 2.26667, 1, -6.33299e-08, 5.96046e-08, -8.9407e-08, -0.0147456, 0.0105074, -0.0344084, 0.999244, 1, 1, 1, 2.33333, 1, -5.21541e-08, 0, -1.78814e-07, -0.0147556, 0.0108145, -0.0354959, 0.999202, 1, 1, 1, 2.4, 1, -1.22935e-07, 1.19209e-07, -1.19209e-07, -0.0147612, 0.0111825, -0.0363459, 0.999168, 1, 1, 1, 2.46667, 1, -4.09782e-08, -5.96046e-08, -1.49012e-07, -0.0147635, 0.0116179, -0.0369353, 0.999141, 1, 1, 1, 2.53333, 1, -9.49949e-08, 2.98023e-07, -2.08616e-07, -0.0147641, 0.0121265, -0.037241, 0.999124, 1, 1, 1, 2.6, 1, -1.45286e-07, 1.78814e-07, -2.98023e-08, -0.0146712, 0.0127144, -0.037174, 0.99912, 1, 1, 1, 2.66667, 1, -1.08033e-07, 1.19209e-07, -8.9407e-08, -0.0139625, 0.013378, -0.0363641, 0.999152, 1, 1, 1, 2.73333, 1, -7.82311e-08, -5.96046e-08, -1.19209e-07, -0.0126301, 0.014104, -0.0348417, 0.999214, 1, 1, 1, 2.8, 1, -7.82311e-08, 1.19209e-07, -1.49012e-07, -0.0107631, 0.0148784, -0.0327081, 0.999296, 1, 1, 1, 3, 1, 4.28408e-08, 2.38419e-07, 0, -0.00284196, 0.0173538, -0.0236549, 0.999566, 1, 1, 1, 3.53333, 1, -1.15484e-07, -1.78814e-07, -2.08616e-07, 0.0195942, 0.0226217, 0.00200518, 0.99955, 1, 1, 1, 3.6, 1, -5.96046e-08, 5.96046e-08, 0, 0.0209265, 0.0228958, 0.00352998, 0.999513, 1, 1, 1, 3.66667, 1, -9.49949e-08, 0, -5.96046e-08, 0.021635, 0.0230391, 0.00434111, 0.999491, 1, 1, 1, 3.73333, 1, 2.42144e-08, 0, -8.9407e-08, 0.0216851, 0.0230125, 0.00443854, 0.99949, 1, 1, 1, 3.8, 1, -2.27243e-07, 0, -2.68221e-07, 0.0213609, 0.0226685, 0.0043722, 0.999505, 1, 1, 1, 3.86667, 1, -7.45058e-09, 1.19209e-07, -8.9407e-08, 0.0207469, 0.0220168, 0.00424652, 0.999533, 1, 1, 1, 3.93333, 1, -5.02914e-08, 1.19209e-07, -1.78814e-07, 0.019878, 0.0210948, 0.00406867, 0.999572, 1, 1, 1, 4.93333, 1, -8.19564e-08, 5.96046e-08, -1.49012e-07, 0.000165442, 0.000175656, 3.38711e-05, 1, 1, 1, 1, 5, 1, -6.70552e-08, 1.19209e-07, -5.96046e-08, -8.67362e-19, 9.31323e-10, -2.79397e-09, 1, 1, 1, 1 )
tracks/12/type = "transform"
tracks/12/path = NodePath("Armature/Skeleton:Bone.003")
tracks/12/interp = 1
tracks/12/loop_wrap = true
tracks/12/imported = false
tracks/12/enabled = true
tracks/12/keys = PoolRealArray( 0, 1, -5.96046e-08, 5.96046e-08, -2.98023e-08, 0, 6.46235e-25, -4.65661e-09, 1, 1, 1, 1, 0.0666667, 1, -5.96046e-08, 5.96046e-08, -2.98023e-08, 0.000775662, -0.000265463, -1.22179e-05, 1, 1, 1, 1, 0.133333, 1, -5.96046e-08, 5.96046e-08, -2.98023e-08, 0.00652544, -0.00224415, -0.000116131, 0.999976, 1, 1, 1, 0.2, 1, -5.96046e-08, 5.96046e-08, -2.98023e-08, 0.016863, -0.00583217, -0.00033938, 0.999841, 1, 1, 1, 0.533333, 1, -5.96046e-08, 5.96046e-08, -2.98023e-08, 0.0945126, -0.0342792, -0.00380146, 0.994926, 1, 1, 1, 0.6, 1, -5.96046e-08, 5.96046e-08, -2.98023e-08, 0.106623, -0.0393279, -0.00507146, 0.993508, 1, 1, 1, 0.666667, 1, -5.96046e-08, 5.96046e-08, -2.98023e-08, 0.114768, -0.0432643, -0.00657134, 0.992428, 1, 1, 1, 0.733333, 1, -5.96046e-08, 5.96046e-08, -2.98023e-08, 0.117756, -0.0457122, -0.00831872, 0.991955, 1, 1, 1, 0.8, 1, -5.96046e-08, -5.96046e-08, 2.98023e-08, 0.117752, -0.0472086, -0.0103211, 0.991867, 1, 1, 1, 0.866667, 1, 0, 1.19209e-07, 0, 0.117714, -0.0485475, -0.0125477, 0.991781, 1, 1, 1, 0.933333, 1, 1.19209e-07, 1.19209e-07, 5.96046e-08, 0.117644, -0.0497376, -0.0149608, 0.991697, 1, 1, 1, 1.06667, 1, -1.19209e-07, 0, -2.98023e-08, 0.117424, -0.051706, -0.0201936, 0.991529, 1, 1, 1, 1.2, 1, -5.96046e-08, 5.96046e-08, -2.98023e-08, 0.117114, -0.053183, -0.0257144, 0.99136, 1, 1, 1, 1.4, 1, -1.19209e-07, 0, 2.98023e-08, 0.116533, -0.0546305, -0.0338691, 0.991105, 1, 1, 1, 1.66667, 1, -5.96046e-08, 5.96046e-08, 0, 0.115668, -0.0554975, -0.0429102, 0.990808, 1, 1, 1, 1.8, 1, 1.19209e-07, -5.96046e-08, 8.9407e-08, 0.115254, -0.0556355, -0.0459637, 0.990711, 1, 1, 1, 1.86667, 1, -5.96046e-08, 5.96046e-08, 2.98023e-08, 0.115063, -0.0556618, -0.0469916, 0.990684, 1, 1, 1, 1.93333, 1, 5.96046e-08, 5.96046e-08, 2.98023e-08, 0.114886, -0.0556714, -0.0476363, 0.990673, 1, 1, 1, 2, 1, -5.96046e-08, -5.96046e-08, 5.96046e-08, 0.114728, -0.0556733, -0.0478602, 0.99068, 1, 1, 1, 2.06667, 1, 5.96046e-08, 0, 2.98023e-08, 0.114588, -0.0555369, -0.0477966, 0.990707, 1, 1, 1, 2.13333, 1, 5.96046e-08, -5.96046e-08, 2.98023e-08, 0.114462, -0.0551369, -0.0476078, 0.990753, 1, 1, 1, 2.2, 1, 0, 0, 2.98023e-08, 0.114344, -0.0544896, -0.0472995, 0.990817, 1, 1, 1, 2.26667, 1, 0, 0, -2.98023e-08, 0.114226, -0.0536114, -0.0468766, 0.990899, 1, 1, 1, 2.33333, 1, -1.19209e-07, 0, 0, 0.114102, -0.0525186, -0.046345, 0.990997, 1, 1, 1, 2.8, 1, -5.96046e-08, -5.96046e-08, 2.98023e-08, 0.112472, -0.0402338, -0.0400279, 0.992033, 1, 1, 1, 3, 1, 0, 5.96046e-08, 0, 0.110989, -0.0333867, -0.036228, 0.9926, 1, 1, 1, 3.2, 1, 5.96046e-08, 0, 2.98023e-08, 0.108768, -0.0262325, -0.0319856, 0.993206, 1, 1, 1, 3.33333, 1, 5.96046e-08, -5.96046e-08, -2.98023e-08, 0.106786, -0.0215133, -0.028985, 0.993627, 1, 1, 1, 3.46667, 1, -5.96046e-08, 5.96046e-08, 0, 0.104341, -0.0169893, -0.0258983, 0.994059, 1, 1, 1, 3.6, 1, -5.96046e-08, 5.96046e-08, 5.96046e-08, 0.101379, -0.0127936, -0.0227702, 0.994505, 1, 1, 1, 3.66667, 1, 0, 0, -2.98023e-08, 0.0996871, -0.0108605, -0.0212047, 0.994734, 1, 1, 1, 3.73333, 1, 0, -1.19209e-07, 5.96046e-08, 0.097846, -0.00905933, -0.0196454, 0.994967, 1, 1, 1, 3.8, 1, 0, 0, -2.98023e-08, 0.095849, -0.00740683, -0.0180981, 0.995204, 1, 1, 1, 3.86667, 1, -5.96046e-08, -5.96046e-08, 0, 0.0936894, -0.00591964, -0.0165685, 0.995446, 1, 1, 1, 3.93333, 1, 1.19209e-07, 1.78814e-07, 8.9407e-08, 0.0913606, -0.00461433, -0.015062, 0.995693, 1, 1, 1, 4, 1, -5.96046e-08, 5.96046e-08, -2.98023e-08, 0.0888559, -0.00350755, -0.0135844, 0.995946, 1, 1, 1, 4.06667, 1, 5.96046e-08, -5.96046e-08, 0, 0.0861687, -0.00261584, -0.0121411, 0.996203, 1, 1, 1, 4.13333, 1, 1.19209e-07, 0, 0, 0.0832924, -0.00195588, -0.0107378, 0.996465, 1, 1, 1, 4.2, 1, -5.96046e-08, 5.96046e-08, 2.98023e-08, 0.079984, -0.00151989, -0.00938015, 0.996751, 1, 1, 1, 4.26667, 1, 0, 5.96046e-08, 2.98023e-08, 0.0749642, -0.00117069, -0.00807599, 0.997153, 1, 1, 1, 4.4, 1, 0, 0, 0, 0.0605624, -0.000641136, -0.00566583, 0.998148, 1, 1, 1, 4.8, 1, 0, 1.19209e-07, 2.98023e-08, 0.0101737, -2.37125e-05, -0.000715112, 0.999948, 1, 1, 1, 4.86667, 1, 0, 5.96046e-08, 2.98023e-08, 0.0047761, -7.04253e-06, -0.000324041, 0.999989, 1, 1, 1, 4.93333, 1, 0, 0, 0, 0.00125772, -8.71295e-07, -8.2597e-05, 0.999999, 1, 1, 1, 5, 1, -5.96046e-08, 5.96046e-08, -2.98023e-08, 0, 6.46235e-25, -4.65661e-09, 1, 1, 1, 1 )
tracks/13/type = "transform"
tracks/13/path = NodePath("Armature/Skeleton:Bone.002")
tracks/13/interp = 1
tracks/13/loop_wrap = true
tracks/13/imported = false
tracks/13/enabled = true
tracks/13/keys = PoolRealArray( 0, 1, -1.86265e-09, -9.31323e-10, -1.86265e-09, -2.51457e-08, -6.14673e-08, -8.9407e-08, 1, 1, 1, 1, 0.866667, 1, -1.86265e-09, -9.31323e-10, -1.86265e-09, 1.36514e-05, 0.000175858, 2.03973e-05, 1, 1, 1, 1, 0.933333, 1, -1.86265e-09, -9.31323e-10, -1.86265e-09, 3.04812e-05, 0.00039044, 4.54515e-05, 1, 1, 1, 1, 1, 1, -1.86265e-09, -9.31323e-10, -1.86265e-09, 5.35029e-05, 0.000684774, 7.9774e-05, 1, 1, 1, 1, 1.06667, 1, -1.86265e-09, -9.31323e-10, -1.86265e-09, 8.24337e-05, 0.00105548, 0.000123041, 1, 1, 1, 1, 1.2, 1, -1.86265e-09, -9.31323e-10, -1.86265e-09, 0.000157109, 0.0020116, 0.000234557, 0.999998, 1, 1, 1, 4.13333, 1, -1.86265e-09, -9.31323e-10, -1.86265e-09, 0.00311809, 0.0398978, 0.00465271, 0.999188, 1, 1, 1, 4.2, 1, -1.86265e-09, -9.31323e-10, -1.86265e-09, 0.00310439, 0.0397228, 0.0046323, 0.999195, 1, 1, 1, 4.26667, 1, -1.86265e-09, -9.31323e-10, -1.86265e-09, 0.00299506, 0.0383241, 0.00446912, 0.999251, 1, 1, 1, 4.33333, 1, -1.86265e-09, -9.31323e-10, -1.86265e-09, 0.00279484, 0.0357612, 0.00417033, 0.999348, 1, 1, 1, 4.86667, 1, -1.86265e-09, -9.31323e-10, -1.86265e-09, 0.000213927, 0.00273815, 0.000319284, 0.999996, 1, 1, 1, 4.93333, 1, -1.86265e-09, -9.31323e-10, -1.86265e-09, 5.66217e-05, 0.000725418, 8.45379e-05, 1, 1, 1, 1, 5, 1, -1.86265e-09, -9.31323e-10, -1.86265e-09, -2.51457e-08, -6.14673e-08, -8.9407e-08, 1, 1, 1, 1 )
tracks/14/type = "transform"
tracks/14/path = NodePath("Armature/Skeleton:Bone.012")
tracks/14/interp = 1
tracks/14/loop_wrap = true
tracks/14/imported = false
tracks/14/enabled = true
