[gd_scene load_steps=15 format=2]

[ext_resource path="res://Assets/Models/Meshes/MeshStoneCircle5.res" type="ArrayMesh" id=1]
[ext_resource path="res://Assets/Models/Meshes/MeshStoneCircle10.res" type="ArrayMesh" id=2]
[ext_resource path="res://Assets/Models/Meshes/MeshStoneCircle3.res" type="ArrayMesh" id=3]
[ext_resource path="res://Assets/Models/Meshes/MeshStoneCircle1.res" type="ArrayMesh" id=4]
[ext_resource path="res://Assets/Models/Meshes/MeshStoneCircle4.res" type="ArrayMesh" id=5]
[ext_resource path="res://Assets/Models/Meshes/MeshStoneCircle2.res" type="ArrayMesh" id=6]
[ext_resource path="res://Assets/Models/Meshes/MeshStoneCircle6.res" type="ArrayMesh" id=7]
[ext_resource path="res://Assets/Models/Meshes/MeshStoneCircle7.res" type="ArrayMesh" id=8]
[ext_resource path="res://Assets/Models/Meshes/MeshStoneCircle8.res" type="ArrayMesh" id=9]
[ext_resource path="res://Assets/Models/Meshes/MeshStoneCircle9.res" type="ArrayMesh" id=10]
[ext_resource path="res://Assets/Models/Meshes/MeshStoneCircle11.res" type="ArrayMesh" id=11]
[ext_resource path="res://Assets/Models/Meshes/MeshStoneCircle12.res" type="ArrayMesh" id=12]
[ext_resource path="res://Assets/Models/Meshes/MeshStoneCircle14.res" type="ArrayMesh" id=13]
[ext_resource path="res://Assets/Models/Meshes/MeshStoneCircle13.res" type="ArrayMesh" id=14]

[node name="ModelStoneCircle" type="Spatial"]

[node name="Stone1001" type="MeshInstance" parent="."]
transform = Transform( 0.356993, 0, -0.934107, 0, 1, 0, 0.934107, 0, 0.356993, 0.261094, 0, 0.0269457 )
mesh = ExtResource( 4 )

[node name="Stone2004" type="MeshInstance" parent="."]
transform = Transform( 1, 0, 0, 0, 1, 0, 0, 0, 1, 0.12972, 0, -0.227431 )
mesh = ExtResource( 6 )

[node name="Stone3002" type="MeshInstance" parent="."]
transform = Transform( 1, 0, 0, 0, 1, 0, 0, 0, 1, 0, 0, -0.26814 )
mesh = ExtResource( 3 )

[node name="Stone4003" type="MeshInstance" parent="."]
transform = Transform( 1, 0, 0, 0, 1, 0, 0, 0, 1, -0.136843, 0, -0.259376 )
mesh = ExtResource( 5 )

[node name="Stone5004" type="MeshInstance" parent="."]
transform = Transform( 1, 0, 0, 0, 1, 0, 0, 0, 1, 0.23282, 0, -0.121377 )
mesh = ExtResource( 1 )

[node name="Stone2001" type="MeshInstance" parent="."]
transform = Transform( -0.257798, -0.343405, 0.903113, -0.61698, 0.777831, 0.119647, -0.743556, -0.526358, -0.412397, -0.298152, 0, -0.0621681 )
mesh = ExtResource( 7 )

[node name="Stone5001" type="MeshInstance" parent="."]
transform = Transform( 0.627305, 0, 0.778774, 0, 1, 0, -0.778774, 0, 0.627305, -0.215997, 0, -0.195959 )
mesh = ExtResource( 8 )

[node name="Stone4001" type="MeshInstance" parent="."]
transform = Transform( 0.225917, 0, 0.974146, 0, 1, 0, -0.974146, 0, 0.225917, -0.280205, 0, 0.0393501 )
mesh = ExtResource( 9 )

[node name="Stone2002" type="MeshInstance" parent="."]
transform = Transform( 0.151597, 0, -0.988442, 0, 1, 0, 0.988442, 0, 0.151597, -0.141687, 0, 0.244467 )
mesh = ExtResource( 10 )

[node name="Stone5002" type="MeshInstance" parent="."]
transform = Transform( -0.61692, 0, 0.787025, 0, 1, 0, -0.787025, 0, -0.61692, -0.23631, 0, 0.130785 )
mesh = ExtResource( 2 )

[node name="Stone4002" type="MeshInstance" parent="."]
transform = Transform( 0.225917, 0, 0.974146, 0, 1, 0, -0.974146, 0, 0.225917, -0.0313884, 0, 0.271383 )
mesh = ExtResource( 11 )

[node name="Stone3001" type="MeshInstance" parent="."]
transform = Transform( -0.995036, 0, -0.0995163, 0, 1, 0, 0.0995163, 0, -0.995036, 0.047126, 0, 0.301305 )
mesh = ExtResource( 12 )

[node name="Stone2003" type="MeshInstance" parent="."]
transform = Transform( 0.569642, 0, -0.821893, 0, 1, 0, 0.821893, 0, 0.569642, 0.213121, 0, 0.116838 )
mesh = ExtResource( 14 )

[node name="Stone5003" type="MeshInstance" parent="."]
transform = Transform( -0.54669, 0, -0.837335, 0, 1, 0, 0.837335, 0, -0.54669, 0.135927, 0, 0.243006 )
mesh = ExtResource( 13 )
